 Volume in drive D is Donn‚es
 Volume Serial Number is A4D8-3D57

 Directory of D:\Z_Perso\Documents\MOTIFS\Projets\Objets\Verres … bec\2018\Communication\Instagram\small

10/10/2018  09:30    <DIR>          .
10/10/2018  09:30    <DIR>          ..
13/07/2018  14:36           703ÿ061 IMG_20180713_143654_537.jpg
13/07/2018  19:39           107ÿ629 IMG_20180713_193909_553.jpg
14/07/2018  01:16           106ÿ391 IMG_20180714_011621_536.jpg
17/07/2018  17:21           227ÿ142 IMG_20180717_172059_041.jpg
17/07/2018  23:17           913ÿ004 IMG_20180717_231744_270.jpg
19/07/2018  18:56           656ÿ907 IMG_20180719_185645_063.jpg
26/07/2018  13:30           377ÿ211 IMG_20180726_133012_369.jpg
26/07/2018  18:12         3ÿ143ÿ377 IMG_20180726_181211_844.jpg
26/07/2018  23:48            12ÿ404 IMG_20180726_234811_807.jpg
11/09/2018  20:01         2ÿ848ÿ685 IMG_20180911_200046_818.jpg
12/09/2018  22:46         1ÿ885ÿ719 IMG_20180912_224636_929.jpg
13/09/2018  20:19         3ÿ661ÿ309 IMG_20180913_201912_114.jpg
14/09/2018  20:58           703ÿ908 IMG_20180914_205847_856.jpg
15/09/2018  23:28           688ÿ243 IMG_20180915_232832_748.jpg
16/09/2018  23:32         2ÿ181ÿ954 IMG_20180916_233156_202.jpg
18/09/2018  00:20           106ÿ702 IMG_20180918_002052_163.jpg
19/09/2018  17:46            73ÿ684 IMG_20180919_174635_563.jpg
20/09/2018  18:57            91ÿ627 IMG_20180920_185748_361.jpg
21/09/2018  20:47            84ÿ261 IMG_20180921_204705_355.jpg
22/09/2018  11:42           118ÿ104 IMG_20180922_114243_980.jpg
23/09/2018  21:01         3ÿ863ÿ816 IMG_20180923_210055_073.jpg
24/09/2018  22:40           111ÿ000 IMG_20180924_224021_071.jpg
25/09/2018  22:20            92ÿ633 IMG_20180925_222006_633.jpg
27/09/2018  18:32           668ÿ217 IMG_20180927_183231_193.jpg
01/10/2018  17:40            77ÿ594 IMG_20181001_174011_520.jpg
03/10/2018  18:06            44ÿ981 IMG_20181003_180606_121.jpg
03/10/2018  23:43            75ÿ752 IMG_20181003_234333_595.jpg
04/10/2018  17:48           113ÿ223 IMG_20181004_174807_611.jpg
10/10/2018  09:29             1ÿ193 post_texts.txt
10/10/2018  09:30                 0 text.txt
              30 File(s)     23ÿ739ÿ731 bytes
               2 Dir(s)  61ÿ880ÿ291ÿ328 bytes free
 Volume in drive D is Donn‚es
 Volume Serial Number is A4D8-3D57

 Directory of D:\Z_Perso\Documents\MOTIFS\Projets\Objets\Verres … bec\2018\Communication\Instagram\small

10/10/2018  09:30             2ÿ273 text.txt
10/10/2018  09:30    <DIR>          ..
10/10/2018  09:30    <DIR>          .
10/10/2018  09:29             1ÿ193 post_texts.txt
04/10/2018  17:48           113ÿ223 IMG_20181004_174807_611.jpg
03/10/2018  23:43            75ÿ752 IMG_20181003_234333_595.jpg
03/10/2018  18:06            44ÿ981 IMG_20181003_180606_121.jpg
01/10/2018  17:40            77ÿ594 IMG_20181001_174011_520.jpg
27/09/2018  18:32           668ÿ217 IMG_20180927_183231_193.jpg
25/09/2018  22:20            92ÿ633 IMG_20180925_222006_633.jpg
24/09/2018  22:40           111ÿ000 IMG_20180924_224021_071.jpg
23/09/2018  21:01         3ÿ863ÿ816 IMG_20180923_210055_073.jpg
22/09/2018  11:42           118ÿ104 IMG_20180922_114243_980.jpg
21/09/2018  20:47            84ÿ261 IMG_20180921_204705_355.jpg
20/09/2018  18:57            91ÿ627 IMG_20180920_185748_361.jpg
19/09/2018  17:46            73ÿ684 IMG_20180919_174635_563.jpg
18/09/2018  00:20           106ÿ702 IMG_20180918_002052_163.jpg
16/09/2018  23:32         2ÿ181ÿ954 IMG_20180916_233156_202.jpg
15/09/2018  23:28           688ÿ243 IMG_20180915_232832_748.jpg
14/09/2018  20:58           703ÿ908 IMG_20180914_205847_856.jpg
13/09/2018  20:19         3ÿ661ÿ309 IMG_20180913_201912_114.jpg
12/09/2018  22:46         1ÿ885ÿ719 IMG_20180912_224636_929.jpg
11/09/2018  20:01         2ÿ848ÿ685 IMG_20180911_200046_818.jpg
26/07/2018  23:48            12ÿ404 IMG_20180726_234811_807.jpg
26/07/2018  18:12         3ÿ143ÿ377 IMG_20180726_181211_844.jpg
26/07/2018  13:30           377ÿ211 IMG_20180726_133012_369.jpg
19/07/2018  18:56           656ÿ907 IMG_20180719_185645_063.jpg
17/07/2018  23:17           913ÿ004 IMG_20180717_231744_270.jpg
17/07/2018  17:21           227ÿ142 IMG_20180717_172059_041.jpg
14/07/2018  01:16           106ÿ391 IMG_20180714_011621_536.jpg
13/07/2018  19:39           107ÿ629 IMG_20180713_193909_553.jpg
13/07/2018  14:36           703ÿ061 IMG_20180713_143654_537.jpg
              30 File(s)     23ÿ742ÿ004 bytes
               2 Dir(s)  61ÿ875ÿ376ÿ128 bytes free
